cam_model: Pinhole
cam_width: 640
cam_height: 480
cam_fx: 808.1621467152156
cam_fy: 826.7387208043699
cam_cx: 348.90941376502815
cam_cy: 205.12497672174433
cam_d0: 0.12703689997612802
cam_d1: -0.7820778057946972
cam_d2: 0.0013614749400950798
cam_d3: -0.011288322288032901
